240 1 1 0 0 -200 200 0 0 0 0 0 0 0 0 0 0 0 0 0 0 0 0 0 0 0 0 0 0 0 0 0 0 0 0 0 0 0 0 0 0 0 0 0 0 0 0 0 0 0 0 0 0 0 0 0 0 0 0 0 0 0 0 0 0 0 0 0 0 0 0 0 0 0 0 0 0 0 0 0 0 0 0 0 0
600 1 1 0 0 -284.853 284.853 0.383972 0 0 0 0 0 0 0 0 0 0 0 0 0 0 0 0 0 0.855211 1.55334 0 -1.8326 0 0 0 0 0 0.890118 -1.72788 0 -1.88496 0 0 0 0 0 0 0 0 0 0 0 0 0 0 0 0 0 0 0 0 0 0 0 0 0 0 0 0 0 0 0 0 0 0 0 0 0 0 0 0 0 0 0 0 0 0 0
120 1 1 0 0 -511.127 511.127 0.837758 0 0 0 0 0 20 0 10 0 0 0 0 0 0 0 0 0 0 0 0 0 0 0 0 0 0 0 0 0 0 0 0 0 0 0 0.0349066 0 0.0523599 -0.0698132 0 0 0 0 0 0.0349066 0 -0.0349066 -0.10472 0 0 0 0 0 0 0 0 0 0 0 0 0 0 0 0 0 0 0 0 0 0 0 0 0 0 0 0 0
120 1 1 0 0 -539.412 539.412 0.890118 -0.418879 -0.488692 0 0.191986 0 0 0 0 0 0 0 0.261799 0.401426 0 0 0 0 0 0 0 0 0 0 0 0 0 0 0 0 0 0 0 0 0 0 0 0 0 0 0 0 0 0 0 0 0 0 0 0 0 0 0 0 0 0 0 0 0 0 0 0 0 0 0 0 0 0 0 0 0 0 0 0 0 0 0 0
60 1 1 0 0 -539.412 539.412 0.925025 0.261799 0.209439 0 -0.279253 0 0 0 0 0 0 0 -0.296706 -1.11701 0.174533 0 0 0 0 0 0 0 0 0 0 0 0 0 0 0 0 0 0 0 0 0 0 0 0 0 0 0 0 0 0 0 0 0 0 0 0 0 0 0 0 0 0 0 0 0 0 0 0 0 0 0 0 0 0 0 0 0 0 0 0 0 0 0
60 1 1 0 0 -539.412 539.412 0.925025 0.261799 0.209439 0 0 0 0 0 0 0 0 0 -0.0698132 0.802851 0.20944 0 0 0 -0.314159 0 -0.802851 0.506145 0 0 0 0 0 -0.331613 0 0.191986 0.855211 0 0 0 0 0 0 0 0 0 0 0 0 0 0 0 0 0 0 0 0 0 0 0 0 0 0 0 0 0 0 0 0 0 0 0 0 0 0 0 0 0 0 0 0 0 0 0
60 1 1 0 0 -412.132 412.132 0.925025 0.226893 0.209439 0 0 0 0 0 0 0 0 0 0 0 0 0 0 0 0 0 0 0 0 0 0 0 0 0 0 0 0 0 0 0 0 0 0 0 0 0 0 0 0 0 0 0 0 0 0 0 0 0 0 0 0 0 0 0 0 0 0 0 0 0 0 0 0 0 0 0 0 0 0 0 0 0 0 0
240 1 1 0 0 -412.132 412.132 0.925025 0.226893 0.209439 0 0 0 0 0 0 0 0 0 0.349066 0 0.0349066 0 0 0 0 -0.191986 -0.802851 -0.244346 0 0 0 0 0 0 0 0 0 0 0 0 0 0 0 0 0 0 0 0 0 0 0 0 0 0 0 0 0 0 0 0 0 0 0 0 0 0 0 0 0 0 0 0 0 0 0 0 0 0 0 0 0 0 0 0
120 1 1 0 0 -412.132 412.132 0.925025 0.226893 0.209439 0 -0.907571 0 0 0 0 0 0 0 0 0.541052 0 0 0 0 0 0 0 0 0 0 0 0 0 0 0 0 0 0 0 0 0 0 0 0 0 0 0 0 0 0 0 0 0 0 0 0 0 0 0 0 0 0 0 0 0 0 0 0 0 0 0 0 0 0 0 0 0 0 0 0 0 0 0 0
60 1 1 0 0 -723.26 723.26 0.977385 0.20944 0.209439 0 0.10472 0 0 0 0 0 0 0 0 0 0 0 0 0 0 0 0 0 0 0 0 0 0 0 0 0 0 0 0 0 0 0 0 0 0 0 0 0 0 0 0 0 0 0 0 0 0 0 0 0 0 0 0 0 0 0 0 0 0 0 0 0 0 0 0 0 0 0 0 0 0 0 0 0
30 0 1 1 0 -723.26 723.26 0.977385 0.20944 0.209439 0 0 0 0 0 40 0 0 0 -0.314159 -0.453786 -0.0349066 0 0 0 0.0872665 -0.0872665 1.36136 1.02974 0.0349066 0 0 0 0 0 0 0 0 0 0 0 0 0 0.453786 0 0 -0.20944 0 0 0 0 0 -0.174533 0 0 0 0 0 0 0 0 0 0 0 0 0 0 0 0 0 0 0 0 0 0 0 0 0 0 0 0 0 0 0 0
30 0 1 1 0 -723.26 723.26 0.977385 0.20944 0.209439 0 0 0 10 0 20 0 0 0 0 0 0 0 0 0 0 0 0 0 0 0 0 0 0 0 0 0 0 0 0 0 0 0 -0.575959 0 0 0.279253 0 0 0 0 0 0.523599 0 0 -0.122173 0 0 0 0 0 0 0 0 0 0 0 0 0 0 0 0 0 0 0 0 0 0 0 0 0 0 0 0 0
30 0 1 1 0 -723.26 723.26 0.977385 0.20944 0.209439 0 0 0 49.6334 0 187.317 0 0 0 0 0 0 0 0 0 0 0 0 0 0 0 0 0 0 0 0 0 0 0 0 0 0 0 0.541052 0 0 -0.174533 0 0 0 0 0 -0.541052 0 0 0 0 0 0 0 0 0 0 0 0 0 0 0 0 0 0 0 0 0 0 0 0 0 0 0 0 0 0 0 0
30 0 1 1 0 -921.25 921.25 0.977385 0.20944 0.209439 0 0.296706 0 -20 0 140 0 0 0 0 0 0 0 0 0 0 0 0 0 0 0 0 0 0 0 0 0 0 0 0 0 0 0 -0.680678 0 0 0.174533 0 0 0 0 0 0.767945 0 0 -0.139626 0 0 0 0 0 0 0 0 0 0 0 0 0 0 0 0 0 0 0 0 0 0 0 0 0 0 0 0 0
60 1 1 1 20 -1102.67 302.671 1.309 -0.139626 -1.18682 0 0 0 57.979 0 423.573 0 0 0 0 0 0 0 0 0 0 0 0 0 0 0 0 0 0 0 0 0 0 0 0 0 0 0 0 0 0 0 0 0 0 0 0 0 0 0 0 0 0 0 0 0 0 0 0 0 0 0 0 0 0 0 0 0 0 0 0 0 0 0 0 0 0 0 0 0
60 1 0 0 53.5772 -2953.91 810.814 1.3439 -0.139626 -0.366519 0 0 0 0 0 0 0 0 0 0 0 0 0 0 0 0 0 0 0 0 0 0 0 0 0 0 0 0 0 0 0 0 0 0 0 0 0 0 0 0 0 0 0 0 0 0 0 0 0 0 0 0 0 0 0 0 0 0 0 0 0 0 0 0 0 0 0 0 0 0 0 0 0 0 0
60 1 0 0 25.946 -1430.49 392.655 1.36136 0.139627 -0.15708 0 0.959931 0 30 0 0 0 0 0 0 0 0 0 0 0 0 0 0 0 0 0 0 0 0 0 0 0 0 0 0 0 0 0 0.314159 0 0 -0.139626 0 0 0 0 0 -0.366519 -0.10472 0 0 0 0 0 0 0 0 0 0 0 0 0 0 0 0 0 0 0 0 0 0 0 0 0 0 0 0 0 0 0
30 1 0 0 45.8826 -2529.66 694.365 1.36136 0.139627 -0.558506 0 0 0 0 0 0 0 0 0 0 0 0 0 0 0 0 0 0 0 0 0 0 0 0 0 0 0 0 0 0 0 0 0 0 0 0 0 0 0 0 0 0 0 0 0 0 0 0 0 0 0 0 0 0 0 0 0 0 0 0 0 0 0 0 0 0 0 0 0 0 0 0 0 0 0
30 1 0 0 45.8826 -2529.66 694.365 1.36136 0.139627 -1.29154 0 0 0 0 0 0 0 0 0 0 0 0 0 0 0 0 0 0 0 0 0 0 0 0 0 0 0 0 0 0 0 0 0 0 0 0 0 0 0 0 0 0 0 0 0 0 0 0 0 0 0 0 0 0 0 0 0 0 0 0 0 0 0 0 0 0 0 0 0 0 0 0 0 0 0
60 1 0 0 45.8826 -2529.66 694.365 1.36136 0.139627 0.0523643 0 0 0 0 0 0 0 0 0 0 0 0 0 0 0 0 0 0 0 0 0 0 0 0 0 0 0 0 0 0 0 0 0 0 0 0 0 0 0 0 0 0 0 0 0 0 0 0 0 0 0 0 0 0 0 0 0 0 0 0 0 0 0 0 0 0 0 0 0 0 0 0 0 0 0
240 1 0 0 39.5868 -2182.55 599.088 1.36136 0.139627 0.0523643 0 0 0 10 0 0 0.296706 0 0 0.10472 -0.0698132 0 0 0 0 0 0.0698132 -1.55334 -0.750492 0 0 0 0 0 0 0 0 0 0 0 0 0 0 0.122173 0 0 0 0 0 0 0 0 0 0 0 0 0 0 0 0 0 0 0 0 0 0 0 0 0 0 0 0 0 0 0 0 0 0 0 0 0 0 0 0 0
120 1 0 0 39.5868 -2182.55 599.088 1.36136 0.139627 0.0523643 0 0 0 0 0 0 0 0 0 0 -0.750492 0 0 0 0 0 0 0 0 0 0 0 0 0 0 0 0 0 0 0 0 0 0 0 0 0 0 0 0 0 0 0 0 0 0 0 0 0 0 0 0 0 0 0 0 0 0 0 0 0 0 0 0 0 0 0 0 0 0 0 0 0 0 0 0
60 1 0 0 39.5868 -2182.55 599.088 1.36136 0.139627 0.0523643 0 0 0 0 0 0 0 0.383972 0 0 0.802851 0 0 0 0 0 0 0 0 0 0 0 0 0 0 0 0 0 0 0 0 0 0 0 0 0 0 0 0 0 0 0 0 0 0 0 0 0 0 0 0 0 0 0 0 0 0 0 0 0 0 0 0 0 0 0 0 0 0 0 0 0 0 0 0
60 1 0 0 39.5868 -2182.55 599.088 1.36136 0.139627 0.0523643 0 0 0 0 0 0 0 -0.872665 0 0 -0.855211 0 0 0 0 0 0 0 0 0 0 0 0 0 0 0 0 0 0 0 0 0 0 0 0 0 0 0 0 0 0 0 0 0 0 0 0 0 0 0 0 0 0 0 0 0 0 0 0 0 0 0 0 0 0 0 0 0 0 0 0 0 0 0 0
60 1 0 0 39.5868 -2182.55 599.088 1.36136 0.139627 0.0523643 0 0 0 0 0 0 -0.191986 0.506145 0 0.0523599 0.837758 0.0174533 0 0 0 0 0 0 0 0 0 0 0 0 0 0 0 0 0 0 0 0 0 0 0 0 0 0 0 0 0 0 0 0 0 0 0 0 0 0 0 0 0 0 0 0 0 0 0 0 0 0 0 0 0 0 0 0 0 0 0 0 0 0 0
120 1 0 0 39.5868 -2182.55 599.088 1.36136 0.139627 0.0523643 0 0 0 0 0 0 0 0 0 0 0 0 0 0 0 0 0 0.698132 0.0872665 0 0 0 0 0 0 0 0 0 0 0 0 0 0 0 0 0 0 0 0 0 0 0 0 0 0 0 0 0 0 0 0 0 0 0 0 0 0 0 0 0 0 0 0 -0.0349066 0 0 0 0 0 0 0 0 0 0 0
10 1 0 0 39.5868 -2182.55 599.088 1.36136 0.139627 0.0523643 0 0 0 0 0 0 0 0 0 0 0 0 0 0 0 0 0 0 0 0 0 0 0 0 0 0 0 0 0 0 0 0 0 0.244346 0 0 -0.226893 0 0 0 0 0 0 0 0 0 0 0 0 0 0 0 0 0 0 0 0 0 0 0 0 0 0 0 0 0 0 0 0 0 0 0 0 0 0
30 1 0 0 39.5868 -2182.55 599.088 1.36136 0.139627 0.0523643 0 0 0 0 200 0 0 0 0 0 0 0 0 0 0 0 0 0 0 0 0 0 0 0 0 0 0 0 0 0 0 0 0 0 0 0 0 0 0 0 0 0 0 0 0 0 0 0 0 0 0 0 0 0 0 0 0 0 0 0 0 0 0 0 0 0 0 0 0 0 0 0 0 0 0
30 1 0 0 39.5868 -2182.55 599.088 1.36136 0.139627 0.0523643 0 0 0 0 -200 0 0 0 0 0 0 0 0 0 0 0 0 0 0 0 0 0 0 0 0 0 0 0 0 0 0 0 0 0 0 0 0 0 0 0 0 0 0 0 0 0 0 0 0 0 0 0 0 0 0 0 0 0 0 0 0 0 0 0 0 0 0 0 0 0 0 0 0 0 0
30 1 0 0 39.5868 -2182.55 599.088 1.36136 0.139627 0.0523643 0 0 0 0 200 0 0 0 0 0 0 0 0 0 0 0 0 0 0 0 0 0 0 0 0 0 0 0 0 0 0 0 0 0 0 0 0 0 0 0 0 0 0 0 0 0 0 0 0 0 0 0 0 0 0 0 0 0 0 0 0 0 0 0 0 0 0 0 0 0 0 0 0 0 0
30 1 0 0 39.5868 -2182.55 599.088 1.36136 0.139627 0.0523643 0 0 0 0 -190 0 0 0 0 0 0 0 0 0 0 0 0 0 0 0 0 0 0 0 0 0 0 0 0 0 0 0 0 0 0 0 0 0 0 0 0 0 0 0 0 0 0 0 0 0 0 0 0 0 0 0 0 0 0 0 0 0 0 0 0 0 0 0 0 0 0 0 0 0 0
120 1 0 0 39.5868 -2182.55 599.088 1.36136 0.139627 0.0523643 0 0 0 0 0 0 0 0 0 0 0 0 0 0 0 0 0 -0.767945 -0.418879 0 0 0 0 0 0 0 0 0 0 0 0 0 0 0 0 0 0 0 0 0 0 0 0 0 0 0 0 0 0 0 0 0 0 0 0 0 0 0 0 0 0 0 0 0 0 0 0 0 0 0 0 0 0 0 0
120 1 0 0 39.5868 -2182.55 599.088 1.36136 0.139627 0.0523643 0 -1.16937 0 10 0 0 0.0523599 0 0 -0.122173 0 0 0 0 0 0 0 0 0 0 0 0 0 0 0.15708 0 0.279253 0 0 0 0 0 0 -0.0174533 -0.174533 0.0174533 0 0 0 0 0 0 0.20944 0.314159 -0.139626 0 0 0 0 0 0 0 0 0 0 0 0 0 0 0 0 0 0 0 0 0 0 0 0 0 0 0 0 0 0
60 1 0 0 50.7793 -2799.63 768.469 1.36136 0.139627 0.0523643 0 0 0 0 0 0 0 0 0 -0.488692 -0.139626 -0.122173 0 0 0 0 0 0 0 0 0 0 0 0 0 0 0 0 0 0 0 0 0 0 0 0 0 0 0 0 0 0 0 0 0 0 0 0 0 0 0 0 0 0 0 0 0 0 0 0 0 0 0 0 0 0 0 0 0 0 0 0 0 0 0
120 1 1 1 31.5422 -1739.03 477.345 1.36136 0.10472 2.618 0 -2.28638 0 0 0 0 0 0 0 0 0 0 0 0 0 0 0 0 0 0 0 0 0 0 0 0 0 0 0 0 0 0 0 0 0 0 0 0 0 0 0 0 0 0 0 0 0 0 0 0 0 0 0 0 0 0 0 0 0 0 0 0 0 0 0 0 0 0 0 0 0 0 0 0 0
120 1 1 1 31.5422 -1739.03 477.345 1.64061 0.10472 2.618 0 -0.418879 0 0 0 0 0 0 0 0.523599 0 0 0 0 0 0.0174533 0 0.698132 0.0872665 0 0 0 0 0 0 0 0 0 0 0 0 0 0 0 0 0 0 0 0 0 0 0 0 0 0 0 0 0 0 0 0 0 0 0 0 0 0 0 0 0 0 0 0 0 0 0 0 0 0 0 0 0 0 0 0
60 1 1 1 39.61 -2183.84 574.323 1.64061 0.10472 3.38594 0 -0.488692 0 0 0 0 0 0 0 0 0 0 0 0 0 0 0 0 0 0 0 0 0 0 0 0 0 0 0 0 0 0 0 0 0 0 0 0 0 0 0 0 0 0 0 0 0 0 0 0 0 0 0 0 0 0 0 0 0 0 0 0 0 0 0 0 0 0 0 0 0 0 0 0 0
60 1 1 1 22.0713 -1216.87 320.022 1.64061 0.10472 5.96901 0 0 0 10 0 0 0 0 0 0 0 0 0 0 0 0 0 0 0 0 0 0 0 0 0 0 0 0 0 0 0 0 0 -0.366519 0 0 0 0 0 0 0 0 -0.331613 0 0 0 0 0 0 0 0 0 -0.698132 0 0 0 0 0 0 0 0 0 0 0 0 0 0 0 0 0 0 0 0 0 0
60 1 1 0 22.0713 -1216.87 320.022 1.64061 0.10472 5.96901 0 0 0 0 0 0 0 0 0 0 0 0 0 0 0 0 0 0 0 0 0 0 0 0 0 0 0 0 0 0 0 0 0 0 0 0 0 0 0 0 0 0 0 0 0 0 0 0 0 0 0 0 0.191986 0 0 0 890 0 0 0 0 0 0 0 0 0 0 0 0 0 0 0 0 0 0
120 1 1 0 22.0713 -1216.87 320.022 1.64061 0.10472 5.96901 0 0 0 0 0 0 0 0 0 0 0 0 0 0 0 0 0 0 0 0 0 0 0 0 0 0 0 0 0 0 0 0 0 0 0 0 0 0 0 0 0 0 0 0 0 0 0 0 0 0 0 0 0 0 0 0 0 -0.122173 0 0.0349066 0 0 0 0.610865 0 -0.0523599 0 0 0 0 0 0 0 0 0
60 1 1 0 22.0713 -1216.87 320.022 1.64061 0.10472 5.96901 0 0 0 0 0 0 0 0 0 0 0 0 0 0 0 0 0 0 0 0 0 0 0 0 0 0 0 0 0 0 0 0 0 0 0 0 0 0 0 0 0 0 0 0 0 0 0 0 0 0 0 0 0 0 0 0 0 0.418879 -0.191986 0 0 0 0 -0.506145 0 0 -0.0174533 0 0.0349066 0 0 0 0 0 0
60 1 1 1 22.0713 -1216.87 320.022 1.64061 0.10472 4.83455 0 0 0 0 0 0 0 0 0 0 0 0 0 0 0 0 0 0 0 0 0 0 0 0 0 0 0 0 0 0 0 0 0 0 0 0 0 0 0 0 0 0 0 0 0 0 0 0 0 0 0 0 0 0 0 0 0 0 0 0 0 0 0 0 0 0 0 0 0 0 0 0 0 0 0
240 1 1 1 22.0713 -1216.87 320.022 1.64061 0.10472 5.91665 0 0 0 0 0 0 0 0 0 -0.506145 0 0.0174533 0 0 0 0 0 0.506145 0.0872665 0.191986 0 0 0 0 0.0698132 0 1.11701 0.0872665 0 0 0 0 0 0 0 0 0 0 0 0 0 0 0 0 0 0 0 0 0 0 0 0 0 0 0 0 0 0 0 0 0 0 0 0 0 0 0 0 0 0 0 0 0 0 0
120 1 1 1 68.3733 -3769.66 991.374 1.64061 0.10472 4.2586 0 0 0 0 0 0 0 0 0 0 0 0 0 0 0 0 0 0 0 0 0 0 0 0 0 0 0 0 0 0 0 0 0 0 0 0 0 0 0 0 0 0 0 0 0 0 0 0 0 0 0 0 0 0 0 0 0 0 0 0 0 0 0 0 0 0 0 0 0 0 0 0 0 0 0
60 1 1 1 104.853 -5760.96 1520.31 1.64061 0.15708 4.11897 0 0 0 0 0 0 0 0 0 0 0 0 0 0 0 0 0 0 0 0 0 0 0 0 0 0 0 0 0 0 0 0 0 0 0 0 0 0 0 0 0 0 0 0 0 0 0 0 0 0 0 0 0 0 0 0 0 0 0 0 0 0 0 0 0 0 0 0 0 0 0 0 0 0 0
